    D   s  iota kappa N(eps)      Reg
    2   1     2     2     -1    0.881
    3   2     1     2      1    1.317
    5   1     1     1     -1    0.481
    6   2     2     4      1    2.292
    7   4     2     4      1    2.769
   10   1     6     5     -1    1.818
   11   2     3     6      1    2.993
   13   1     3     3     -1    1.195
   14   4     2     4      1    3.400
   15   2     1     2      1    2.063
   17   3     5     3     -1    2.095
   19   6     7    10      1    5.829
   21   2     1     2      1    1.567
   22   6     6     8      1    5.976
   23   4     2     4      1    3.871
   26   1    10     9     -1    2.312
   29   1     5     5     -1    1.647
   30   2     2     4      1    3.089
   31   8     8    12      1    8.020
   33   4     4     4      1    3.828
   34   4     2     4      1    4.248
   35   2     1     2      1    2.478
   37   3     7     5     -1    2.492
   38   2     6    12      1    4.304
   39   2     4     8      1    3.912
   41   5    11     7     -1    4.159
   42   2     2     4      1    3.257
   43  10    13    22      1    8.849
   46  12     8    12      1   10.793
   47   4     2     4      1    4.564
   51   2     7    12      1    4.605
   53   1     7     7     -1    1.966
   55   4     4     6      1    5.182
   57   6     7    10      1    5.710
   58   7    20    17     -1    5.288
   59   6     9    14      1    6.966
   61   3    11     9     -1    3.664
   62   4     2     4      1    4.836
   65   3     9     6     -1    2.776
   66   2     8    14      1    4.867
   67  10    19    34      1   11.489
   69   4     2     4      1    3.217
   70   6     6    10      1    6.219
   71   8     6    12      1    8.848
   73   9    21     9     -1    7.667
   74   5    20    17     -1    4.454
   77   2     1     2      1    2.185
   78   4     2     4      1    4.663
   79   4     2     4      1    5.075
   82   1    18    17     -1    2.893
   83   2     9    18      1    5.100
   85   1     9     8     -1    2.209
   86  10    16    28      1    9.943
   87   2     3     6      1    4.025
   89   7    21    13     -1    6.908
   91   8    12    18      1    8.055
   93   2     3     6      1    3.366
   94  16    12    16      1   15.271
   95   4     2     4      1    4.357
   97   9    27    13     -1    9.324
